Subgrafo inducido por Q01 y Q06
Nodos: 221
Aristas: 448

Nodos:
1
0
6309
6310
7291
7292
3470
3437
3449
3504
3469
3467
3424
2328
2326
2117
2079
2087
2345
2346
2310
2094
2308
2322
2321
2320
2312
2130
2288
2287
2100
2283
2284
2057
2056
1664
1662
1661
1507
1554
1624
1660
1659
1656
1658
1506
1612
1498
1497
1668
389468
493079
492648
492439
491734
491733
491711
492426
491747
492628
492672
488194
488102
488193
488192
488167
488191
488153
488150
488168
488027
488149
488179
488181
487933
487470
487362
486780
487469
486734
486707
487357
487338
487331
487333
487334
487464
487317
486468
486398
486397
486090
486324
486083
486082
486080
486081
486318
486054
486052
486066
486500
486498
486098
486099
486496
486180
486497
485981
499956
500005
500021
499854
499821
499822
499947
499833
499826
499949
500000
3161
3128
3118
3116
3117
3083
3084
3073
3066
3063
3384
3383
3380
3041
2990
2978
2976
2962
2963
4031
4024
4026
3987
3957
3924
3900
4283
3945
3953
4281
3922
4385
4289
4267
4266
4260
1306
1307
3791
447
448
3862
1068258
1060207
1060205
1060202
1060201
1060203
1060187
1059624
1060189
1069070
1069057
1068794
1069040
1069041
1069177
1069178
1069028
1068995
1068994
1068991
1068992
1068989
1068990
1074152
1074142
1074207
1074206
1084753
1074285
1074237
1075501
1075497
1075498
1075477
1075476
1083130
1075474
1074073
1074029
1083128
1083134
1083135
1083140
1083145
1082856
1082892
1082919
1082913
1082930
1074021
1074020
1074023
1074032
410492
399342
399341
409928
1074002
1087562

Aristas:
0 1
0 6309
0 1
0 6309
6309 6310
6309 6310
6310 7291
6310 7291
7291 7292
7291 7292
3470 7292
3470 7292
3437 3449
3437 3470
3437 3449
3437 3470
3449 3504
3449 3504
3469 3504
3469 3504
3467 3469
3467 3469
3424 3467
3424 3467
2328 3424
2328 3467
2328 3424
2328 3467
2326 2328
2326 2328
2117 2326
2117 2326
2079 2087
2079 2117
2079 2087
2079 2117
2087 2345
2087 2345
2345 2346
2345 2346
2310 2346
2310 2346
2094 2310
2094 2308
2094 2310
2094 2308
2308 2322
2308 2322
2321 2322
2321 2322
2320 2321
2320 2321
2312 2320
2312 2320
2130 2288
2130 2312
2130 2312
2130 2288
2287 2288
2287 2288
2100 2283
2100 2287
2100 2287
2100 2283
2283 2284
2283 2284
2057 2284
2057 2284
2056 2057
2056 2057
1664 2056
1664 2056
1662 1664
1662 1664
1661 1662
1661 1662
1507 1554
1507 1661
1507 1554
1507 1661
1554 1624
1554 1624
1554 1661
1554 1661
1624 1660
1624 1660
1659 1660
1659 1660
1656 1659
1656 1658
1656 1658
1656 1659
1506 1612
1506 1612
1506 1658
1506 1658
1498 1612
1498 1612
1497 1668
1497 1498
1497 1668
1497 1498
1668 389468
1668 389468
389468 493079
389468 493079
492648 493079
492648 493079
492439 492648
492439 492648
491734 492439
491734 492439
491733 491734
491733 491734
491711 491733
491711 492426
491711 491733
491711 492426
491747 492426
491747 492628
491747 492628
491747 492426
492628 492672
492628 492672
488194 492672
488194 492672
488102 488193
488102 488194
488102 488193
488102 488194
488192 488193
488192 488193
488167 488192
488167 488191
488167 488192
488167 488191
488153 488191
488153 488191
488150 488168
488150 488153
488150 488168
488150 488153
488027 488149
488027 488149
488027 488168
488027 488168
488149 488179
488149 488179
488179 488181
488179 488181
487933 488181
487933 488181
487470 487933
487470 487933
487362 487470
487362 487470
486780 487469
486780 487362
486780 487469
486780 487362
486734 487469
486734 487469
486707 487357
486707 486734
486707 487357
486707 486734
487338 487357
487338 487357
487331 487333
487331 487333
487331 487338
487331 487338
487333 487334
487333 487334
487334 487464
487334 487464
487317 487464
487317 487464
486468 487317
486468 487317
486398 486468
486398 486468
486397 486398
486397 486398
486090 486324
486090 486324
486090 486397
486090 486397
486083 486324
486083 486324
486082 486083
486082 486083
486080 486081
486080 486082
486080 486081
486080 486082
486081 486318
486081 486083
486081 486318
486081 486083
486054 486318
486054 486318
486052 486054
486052 486054
486052 486066
486052 486066
486066 486500
486066 486500
486498 486500
486498 486500
486098 486099
486098 486498
486098 486099
486098 486498
486099 486496
486099 486496
486180 486496
486180 486497
486180 486497
486180 486496
485981 486497
485981 499956
485981 486497
485981 499956
499956 500005
499956 500005
500005 500021
500005 500021
499854 500021
499854 500021
499821 499822
499821 499854
499821 499947
499821 499822
499821 499854
499821 499947
499822 499947
499822 499947
499833 499947
499833 499947
499826 499833
499826 499949
499826 499833
499826 499949
499949 500000
499949 500000
3161 7292
3161 7292
3128 3161
3128 3161
3118 3128
3118 3128
3116 3117
3116 3117
3116 3118
3116 3118
3083 3084
3083 3117
3083 3084
3083 3117
3073 3084
3073 3084
3066 3073
3066 3073
3063 3066
3063 3066
3063 3384
3063 3384
3383 3384
3383 3384
3380 3383
3380 3383
3041 3380
3041 3380
2990 3041
2990 3041
2978 2990
2978 2990
2976 2978
2976 2978
2962 2963
2962 2976
2962 2963
2962 2976
2963 4031
2963 4031
4024 4031
4024 4026
4024 4026
4024 4031
3987 4026
3987 4026
3957 3987
3957 3987
3924 3957
3924 3957
3900 3924
3900 4283
3900 3924
3900 4283
3945 4283
3945 3953
3945 4283
3945 3953
3953 4281
3953 4281
3922 4281
3922 4385
3922 4281
3922 4385
4289 4385
4289 4385
4267 4289
4267 4289
4266 4267
4266 4267
4260 4266
4260 4266
1306 1307
1306 4260
1306 1307
1306 4260
1307 3791
1307 3791
447 448
447 3791
447 448
447 3791
448 3862
448 3862
3862 1068258
3862 1068258
1060207 1068258
1060207 1068258
1060205 1060207
1060205 1060207
1060202 1060205
1060202 1060205
1060201 1060202
1060201 1060203
1060201 1060203
1060201 1060202
1060187 1060203
1060187 1060203
1059624 1060187
1059624 1060189
1059624 1060187
1059624 1060189
1060189 1069070
1060189 1069070
1069057 1069070
1069057 1069070
1068794 1069040
1068794 1069057
1068794 1069057
1068794 1069040
1069040 1069041
1069040 1069041
1069041 1069177
1069041 1069177
1069177 1069178
1069177 1069178
1069028 1069178
1069028 1069178
1068995 1069028
1068995 1069028
1068994 1068995
1068994 1068995
1068991 1068992
1068991 1068994
1068991 1068994
1068991 1068992
1068989 1068990
1068989 1068990
1068989 1068992
1068989 1068992
1068990 1074152
1068990 1074152
1074142 1074152
1074142 1074207
1074142 1074152
1074142 1074207
1074206 1074207
1074206 1084753
1074206 1074207
1074206 1084753
1074285 1084753
1074285 1084753
1074237 1074285
1074237 1075501
1074237 1074285
1074237 1075501
1075497 1075501
1075497 1075498
1075497 1075501
1075497 1075498
1075477 1075498
1075477 1075498
1075476 1075477
1075476 1083130
1075476 1083130
1075476 1075477
1075474 1083130
1075474 1083130
1074073 1075474
1074073 1075474
1074029 1074073
1074029 1083128
1074029 1074073
1074029 1083128
1083128 1083134
1083128 1083134
1083134 1083135
1083134 1083135
1083135 1083140
1083135 1083140
1083140 1083145
1083140 1083145
1082856 1082892
1082856 1082892
1082856 1083145
1082856 1083145
1082892 1082919
1082892 1082919
1082913 1082930
1082913 1082919
1082913 1082919
1082913 1082930
1074021 1082930
1074021 1082930
1074020 1074023
1074020 1074021
1074020 1074023
1074020 1074021
1074023 1074032
1074023 1074032
410492 1074032
410492 1074032
399342 410492
399342 410492
399341 399342
399341 409928
399341 399342
399341 409928
409928 1074002
409928 1074002
1074002 1087562
1074002 1087562
